cam_model: Pinhole
cam_width: 1440
cam_height: 1080
scale: 0.5
cam_fx: 696.7174426776
cam_fy: 696.4862496732
cam_cx: 708.4206218964
cam_cy: 535.6712007522
cam_d0: -0.0465180371
cam_d1: 0.0160363324
cam_d2: -0.0170339468
cam_d3: 0.0050095489